																				*****************************************************************************************
																				***************** TESTIRANJE ALGORITAMA ZA TRAZENJE NAJBLIZEG PARA TOCAKA ***************
																				*****************************************************************************************



==================================================================================                 ===============================================================================
	   								ALGORITAM SLOŽENOSTI n^2                                                                                 2D REKURZIVNI ALGORITAM
==================================================================================                 ===============================================================================

	
																																										================== 
																																												2-norma
																																										==================                                                                          

  		||   dimenzija   ||   broj tocaka   ||   vrijeme   || 																									||   dimenzija   ||   broj tocaka   ||   vrijeme   ||
			=====================================================                                                  	=====================================================
							1 							10              	0																																			2 							100   							0
							1               100 							0																																			2               1000                0.03
							1               500 							0.02																																	2 							2000                0.07
							1               1000 				      0.08																																  2               3000                0.11
							1               3000 							0.8																																		2               5000                0.21
							1               5000 							2.13																																	2               10000               0.56
							1               10000 						8.77																																	2               20000               1.25
							2               10 								0 																																		2               30000               1.72
							2               100 							0																																			2               50000               3.07
							2               500 							0.03 																																	2               70000               5.05
							2               1000 							0.11																																	2               100000              6.57
							2               5000 							2.92																																	2               200000              14.12
							2               7000              6.19                                                                  2               500000              31.02
							2               10000 						11.62  																																3               15000               0.87
							3               100 							0																																			3               20000               1.32
							3               500 							0.04																																	3               25000               1.56
							3               1000 							0.15																																	3               30000               1.87
							3               2000              0.62                                                                  3               50000               3.29
							3               3000 							1.46																																	3               100000              7.07
							3               4000              2.45
							3               10000             15.46
							4               100               0
							4               500               0.06
							4               1000              0.2
							4               2000              0.76
							4               4000              3.4
							4               6000              7.55



==================================================================================                 ===============================================================================
	   								ALGORITAM SLOŽENOSTI n^2                                                                                   2D REKURZIVNI ALGORITAM
==================================================================================                 ===============================================================================

	
																																										================== 
																																												1-norma
																																										==================                                                                          

  		||   dimenzija   ||   broj tocaka   ||   vrijeme   || 																									||   dimenzija   ||   broj tocaka   ||   vrijeme   ||
			=====================================================                                                  	=====================================================
							1 							10                0  																																		2 							100                 0
							1               100 							0																																			2               1000                0.03
							1               500 							0.02																																	2 							2000                0.07
							1               1000 							0.07																																	2               3000                0.11
							1               3000 							0.53																																	2               5000                0.23
							1               5000 							1.55																																	2               10000               0.56
							1               10000 						7.05																																	2               20000               1.2
							2               10 								0																																			2               30000               1.75
							2               100 							0																																			2               50000               2.99
							2               500 							0.02																																	2               70000               4.89
							2               1000 							0.09																																	2               100000              6.66
							2               5000 							2.4 																																	2               200000              13.57
							2               7000              4.53                                                                  2               500000              36.22
							2               10000 						10.39																																	3               15000               0.86
							3               100 							0																																			3               20000               1.3
							3               500 							0.03																																	3               25000               1.52
							3               1000 							0.12																																	3               30000               1.82
							3               2000              0.47                                                                  3               50000               3.28
							3               3000 							1.13																																	3               100000              6.95
							3               4000              2.08
							3               10000             13.51
							4               100               0
							4               500               0.04
							4               1000              0.15
							4               2000              0.62
							4               4000              2.6
							4               6000              6.04
              4               10000             15.04


==================================================================================                 ===============================================================================
	   								ALGORITAM SLOŽENOSTI n^2                                                                                     2D REKURZIVNI ALGORITAM 
==================================================================================                 ===============================================================================

	
																																										================== 
																																												max-norma
																																										==================                                                                          

  		||   dimenzija   ||   broj tocaka   ||   vrijeme   || 																									||   dimenzija   ||   broj tocaka   ||   vrijeme   ||
			=====================================================                                                  	=====================================================
							1 							10               		0																																		2 							100                 0
							1               100 								0																																		2               1000                0.03
							1               500 								0.02																																2 							2000                0.06
							1               1000 								0.06																																2               3000                0.1
							1               3000 								0.61																																2               5000                0.21
							1               5000 								1.72																																2               10000               0.56
							1               10000 							6.96																																2               20000               1.2
							2               10 									0																																		2               30000               1.73
							2               100 								0																																		2               50000               3.03
							2               500 								0.03																																2               70000               4.88
							2               1000 								0.1																																	2               100000              6.4
							2               5000 								2.54																																2               200000              13.44
							2               7000                4.82                                                                2               500000              37.08
							2               10000 							10.93																																3               15000               0.85
							3               100 								0																																		3               20000               1.26
							3               500 								0.03																																3               25000               1.48
							3               1000 								0.14																																3               30000               1.81
							3               2000                0.54                                                                3               50000               3.16
							3               3000 								1.23																																3               100000              6.75
							3               4000                2.27
							3               10000               15.13
							4               100                 0
							4               500                 0.04
							4               1000                0.17
							4               2000                0.69
							4               4000                2.89
							4               6000                6.65
							4               10000               17.47







																					===============================================================================
										          																					1D ALGORITAM SORTIRANJEM
																					===============================================================================

																																||   broj tocaka   ||   vrijeme   ||
																																====================================
										   																									100               0
											 																									500               0.01
											 																									1000              0.01
											 																									2000              0.02
											 																									5000              0.03
											 																									7000              0.05
											 																									10000             0.07
											 																									20000             0.18
											 																									50000             0.5
											 																									70000             0.72
											 																									100000            1.08
											 																									200000            2.26
											 																									500000            6.04


                                        ==================================================================================
                                                            Testiranje uvjeta na dno rekurzije za 2D algoritam
																														Testiranje na prostor s 200 000 tocaka         
                                        ==================================================================================
 
                                                              		||   uvjet   ||   vrijeme   ||
																																	==============================
																																	       3           11.52
																																				 4           10.79
																																				 5           10.61
																																				 10          10.14
																																				 20          9.41
																																				 50          9.19
																																				 100         9.9
																																				 120         9.82
																																				 150         9.85
																																				 200         11.72
																																				 500         15.94




                                        =================================================================================
																				                  Meta paralelni algoritam: zapravo heuristika 
																													jer ne provjerava potpun prostor, ima smisla kada 
																													netrebamo egzaktno rjesenje
																				=================================================================================
                                                            NOTE: Nepotpun algoritam i testiranje


									 ==========================================                                                  ==========================================
									                 Poziva n^2                                                                                 Poziva rekurziju
									 ==========================================                                                  ==========================================
            
									 || thread broj || broj tocaka || vrijeme ||                                                 || thread broj || broj tocaka || vrijeme ||
									        4             1000          0.07                                                             4            1000          0.04
													4             5000          1.02                                                             4            5000          0.16
													4             10000         4.35                                                             4            10000         0.35
													4             50000         111.16                                                           4            50000         2.27
													10            10000         1.73                                                             4            100000        5.01 
													10            50000         45.28                                                            4            500000        27.89        
													100           10000         0.23                                                             10           10000         0.32
													100           50000         4.71                                                             10           50000         2.48
													100           100000        18.56                                                            10           100000        5.47
													100           500000        473.4                                                            100          10000         0.69
													                                                                                             100          100000        14.64


Kompajliranje sa g++ main.cpp cp_problem.cpp -pthread -o program
Pokretanje ./program <dimenzija> <broj_tocaka>

U kodu moguce varirati : -mjenjanje tipa norme
                         -variranje broja thread-ova
												 -variranje uvjeta na dno rekurzije
												 -pozivanje paralelnog algoritma za obicni i rekurzivni algoritam
